A1	A2	A3	B1	B2	B3
otu_1	3	7	10	1	9	10
otu_2	3	8	1	6	3	1
otu_3	10	5	6	8	9	7
otu_4	2	10	10	2	2	3
otu_5	6	4	4	7	9	1
otu_6	5	7	5	3	10	4
otu_7	4	9	4	7	5	1
otu_8	6	4	4	9	3	1
otu_9	9	5	8	6	9	2
otu_10	10	1	10	9	6	2
otu_11	5	2	1	7	6	5
otu_12	3	8	5	6	5	7
otu_13	9	7	1	4	4	8
otu_14	9	5	9	9	8	8
otu_15	9	5	2	8	2	2
otu_16	3	4	6	8	10	1
otu_17	8	6	4	8	1	3
otu_18	10	7	5	1	5	2
otu_19	7	3	1	10	10	1
otu_20	10	4	2	5	10	9
otu_21	9	9	8	1	10	10
otu_22	3	4	3	2	6	1
otu_23	4	6	9	10	9	4
otu_24	1	4	4	6	2	4
otu_25	7	7	7	2	4	2
otu_26	5	3	2	1	4	7
otu_27	10	8	10	8	1	8
otu_28	7	6	6	10	8	6
otu_29	9	2	1	6	2	3
otu_30	9	2	5	6	5	2
otu_31	10	6	8	7	1	2
otu_32	7	7	6	3	7	6
otu_33	5	3	1	5	5	9
otu_34	7	3	1	5	1	2
otu_35	5	8	5	8	5	8
otu_36	6	9	4	5	7	8
otu_37	9	9	8	5	6	5
otu_38	2	3	5	2	5	1
otu_39	5	2	4	2	8	2
otu_40	8	7	3	6	9	6
otu_41	2	5	1	7	3	4
otu_42	1	2	3	9	9	5
otu_43	9	10	9	9	1	2
otu_44	9	3	7	1	6	5
otu_45	6	2	2	4	7	7
otu_46	5	3	6	7	5	3
otu_47	9	6	2	8	2	1
otu_48	10	7	1	9	6	10
otu_49	4	6	9	2	9	2
otu_50	6	4	7	5	9	10
otu_51	8	1	9	9	8	1
otu_52	6	4	7	4	8	7
otu_53	6	10	6	2	7	1
otu_54	7	6	4	6	5	9
otu_55	1	3	3	10	8	3
otu_56	6	8	8	2	1	6
otu_57	2	8	8	6	7	9
otu_58	1	6	1	5	5	9
otu_59	2	4	1	3	7	7
otu_60	4	10	9	4	7	5
otu_61	5	2	1	4	3	5
otu_62	6	6	10	9	9	6
otu_63	3	10	8	9	5	1
otu_64	9	10	6	2	8	8
otu_65	4	7	9	4	6	7
otu_66	6	1	7	1	1	6
otu_67	9	8	8	5	1	3
otu_68	9	5	2	5	10	9
otu_69	7	5	9	4	3	6
otu_70	3	1	6	2	4	6
otu_71	8	1	8	3	4	1
otu_72	9	1	7	9	7	2
otu_73	3	5	9	7	10	5
otu_74	7	4	8	5	1	9
otu_75	3	6	4	4	9	7
otu_76	7	2	2	7	7	9
otu_77	6	9	5	9	8	6
otu_78	10	3	9	4	7	7
otu_79	5	3	7	4	6	3
otu_80	5	2	2	9	9	3
otu_81	8	8	9	4	9	3
otu_82	3	4	1	9	7	5
otu_83	10	8	2	6	5	5
otu_84	2	1	3	4	5	5
otu_85	10	5	10	8	8	4
otu_86	2	6	7	4	10	3
otu_87	10	2	2	7	10	6
otu_88	6	5	4	8	5	2
otu_89	4	7	10	9	7	9
otu_90	1	8	9	6	1	8
otu_91	6	5	3	4	6	7
otu_92	3	3	8	2	4	5
otu_93	8	5	7	1	3	9
otu_94	3	4	9	2	10	7
otu_95	8	6	6	5	2	6
otu_96	1	4	2	7	1	7
otu_97	7	10	7	3	6	8
otu_98	7	8	6	5	8	10
otu_99	7	7	3	7	2	4
otu_100	10	7	2	9	1	2
otu_101	6	9	6	7	3	7
otu_102	7	6	1	10	9	9
otu_103	10	5	5	4	10	7
otu_104	5	5	7	1	9	9
otu_105	6	3	9	6	1	7
otu_106	8	1	4	3	3	3
otu_107	5	10	10	5	4	7
otu_108	7	6	1	1	7	8
otu_109	4	3	8	8	2	7
otu_110	3	10	6	2	10	5
otu_111	9	7	9	6	4	2
otu_112	7	8	1	5	8	10
otu_113	6	10	8	2	9	3
otu_114	10	8	3	2	2	8
otu_115	9	4	10	10	4	9
otu_116	7	2	5	4	6	8
otu_117	2	4	10	8	7	9
otu_118	3	6	1	7	7	10
otu_119	8	7	1	5	3	8
otu_120	4	2	5	2	10	4
otu_121	7	5	10	1	2	9
otu_122	4	1	10	4	5	4
otu_123	1	2	7	4	7	7
otu_124	8	7	9	10	7	2
otu_125	4	10	4	1	6	3
otu_126	9	7	3	4	2	9
otu_127	8	10	4	6	7	3
otu_128	6	8	1	8	3	4
otu_129	4	5	7	4	5	2
otu_130	8	10	8	1	6	1
otu_131	3	3	9	1	5	2
otu_132	4	7	7	7	7	3
otu_133	4	8	3	9	10	7
otu_134	6	9	7	1	2	4
otu_135	1	8	5	5	7	2
otu_136	10	2	5	8	8	5
otu_137	4	10	4	1	9	10
otu_138	9	9	4	2	2	4
otu_139	7	10	6	9	3	10
otu_140	8	7	10	6	1	3
otu_141	5	7	2	9	6	5
otu_142	2	4	8	9	9	1
otu_143	6	2	10	1	7	9
otu_144	9	10	6	10	6	3
otu_145	8	1	5	2	3	7
otu_146	10	7	6	8	5	10
otu_147	4	1	5	3	6	2
otu_148	5	4	8	5	6	1
otu_149	7	4	1	1	8	1
otu_150	1	6	10	6	5	5
otu_151	8	4	8	1	1	5
otu_152	8	9	8	3	8	9
otu_153	10	1	7	6	3	2
otu_154	9	9	1	8	1	8
otu_155	8	8	7	4	1	1
otu_156	2	10	10	9	5	5
otu_157	5	1	8	7	1	5
otu_158	9	1	7	6	6	2
otu_159	7	10	3	7	10	5
otu_160	7	7	4	3	9	1
otu_161	10	5	3	9	7	9
otu_162	10	1	1	8	9	1
otu_163	8	8	6	10	6	3
otu_164	6	5	1	9	10	9
otu_165	7	5	8	10	6	10
otu_166	10	5	3	1	4	9
otu_167	1	1	3	2	8	6
otu_168	9	10	1	10	4	1
otu_169	3	7	1	5	10	8
otu_170	10	7	2	5	9	1
otu_171	5	4	9	10	8	5
otu_172	6	6	9	2	10	3
otu_173	9	2	1	5	2	2
otu_174	4	1	9	8	6	6
otu_175	10	2	9	5	7	8
otu_176	7	1	8	4	4	9
otu_177	9	9	8	6	2	2
otu_178	7	3	3	5	10	5
otu_179	10	4	2	9	8	7
otu_180	4	6	2	2	1	3
otu_181	8	6	2	2	6	1
otu_182	9	9	6	1	9	7
otu_183	9	9	9	10	6	9
otu_184	9	3	1	3	1	7
otu_185	5	9	8	10	3	5
otu_186	7	10	10	3	9	5
otu_187	6	8	2	8	5	2
otu_188	1	6	3	9	10	2
otu_189	10	7	1	6	10	10
otu_190	10	4	7	8	4	3
otu_191	1	8	5	4	1	7
otu_192	10	10	10	3	2	10
otu_193	1	5	5	9	2	4
otu_194	10	2	7	5	10	9
otu_195	5	6	9	9	8	10
otu_196	7	9	5	1	8	7
otu_197	5	6	2	6	7	1
otu_198	10	3	9	1	3	1
otu_199	9	8	8	8	7	4
otu_200	4	3	10	1	2	8
otu_201	6	2	10	6	1	8
otu_202	2	6	1	5	7	3
otu_203	1	8	10	10	6	1
otu_204	5	7	4	3	8	8
otu_205	9	4	7	9	4	3
otu_206	4	1	6	6	2	4
otu_207	3	10	4	3	1	4
otu_208	9	8	4	3	1	3
otu_209	1	10	1	9	4	2
otu_210	2	10	6	9	8	10
otu_211	4	2	5	8	5	9
otu_212	10	4	1	4	7	4
otu_213	1	6	8	8	1	10
otu_214	5	2	8	6	10	9
otu_215	5	1	5	9	8	6
otu_216	9	5	1	10	1	10
otu_217	8	3	4	3	2	3
otu_218	7	6	7	2	7	2
otu_219	9	3	4	9	2	2
otu_220	5	10	8	2	4	8
otu_221	2	9	10	8	6	7
otu_222	10	4	10	9	8	10
otu_223	6	10	8	1	7	10
otu_224	7	3	4	6	4	2
otu_225	9	4	3	9	3	10
otu_226	1	6	2	4	4	5
otu_227	5	6	7	10	4	1
otu_228	5	7	9	10	6	7
otu_229	8	2	1	1	5	2
otu_230	5	8	1	9	10	3
otu_231	7	4	3	8	1	3
otu_232	4	1	9	6	4	7
otu_233	2	8	9	3	6	2
otu_234	1	6	8	7	3	1
otu_235	1	2	7	4	7	7
otu_236	2	10	4	1	1	3
otu_237	1	10	5	1	2	2
otu_238	2	9	4	7	8	9
otu_239	8	9	10	2	1	9
otu_240	1	3	3	2	3	6
otu_241	3	2	6	3	1	7
otu_242	2	6	4	9	6	9
otu_243	2	9	10	6	1	8
otu_244	5	3	9	3	4	8
otu_245	9	8	6	3	3	10
otu_246	10	1	3	3	9	8
otu_247	6	2	3	6	8	3
otu_248	10	2	9	8	6	4
otu_249	10	7	4	10	7	7
otu_250	6	5	5	10	5	1
otu_251	3	6	9	3	7	10
otu_252	4	5	8	2	5	6
otu_253	3	5	8	1	1	10
otu_254	7	4	9	3	2	3
otu_255	3	4	5	4	1	7
otu_256	2	8	7	9	9	2
otu_257	7	9	5	4	1	5
otu_258	3	1	2	2	9	2
otu_259	9	10	10	3	9	1
otu_260	7	4	3	10	2	2
otu_261	9	10	2	3	8	9
otu_262	4	8	10	9	6	9
otu_263	2	2	9	8	4	10
otu_264	6	8	7	2	7	9
otu_265	10	7	7	9	6	4
otu_266	9	2	8	7	4	8
otu_267	7	5	10	2	10	3
otu_268	5	9	10	1	3	4
otu_269	1	10	4	5	2	4
otu_270	3	10	5	9	6	2
otu_271	2	1	7	4	1	2
otu_272	5	6	1	7	10	4
otu_273	1	8	5	3	3	4
otu_274	3	8	10	2	8	10
otu_275	9	2	5	3	1	2
otu_276	2	7	9	5	5	3
otu_277	6	8	1	10	3	10
otu_278	3	8	5	10	8	2
otu_279	3	10	3	3	2	5
otu_280	9	8	3	4	6	8
otu_281	2	5	1	4	8	6
otu_282	1	4	8	1	5	10
otu_283	6	10	5	10	5	9
otu_284	10	9	1	8	9	6
otu_285	8	8	7	3	7	10
otu_286	10	6	3	6	10	10
otu_287	10	8	9	10	10	5
otu_288	4	4	7	2	1	4
otu_289	6	10	9	8	3	5
otu_290	4	3	6	7	9	1
otu_291	4	5	3	6	3	9
otu_292	9	1	5	4	4	1
otu_293	8	2	9	1	3	10
otu_294	7	6	5	2	9	10
otu_295	10	3	1	8	4	2
otu_296	1	2	5	6	1	1
otu_297	2	8	6	8	10	1
otu_298	8	10	9	10	7	7
otu_299	3	1	8	1	3	7
otu_300	10	10	10	5	1	1
otu_301	7	6	1	2	10	2
otu_302	1	8	7	1	2	1
otu_303	2	5	5	3	3	5
otu_304	3	9	4	3	6	3
otu_305	3	9	3	6	8	5
otu_306	6	2	6	1	3	6
otu_307	10	8	7	8	1	5
otu_308	5	6	6	3	10	5
otu_309	4	6	6	8	6	2
otu_310	2	5	5	3	7	3
otu_311	1	2	4	3	2	6
otu_312	1	8	8	4	2	10
otu_313	5	4	2	7	9	3
otu_314	2	4	9	7	10	1
otu_315	2	4	7	8	1	2
otu_316	3	9	2	4	5	6
otu_317	5	8	7	9	4	4
otu_318	6	10	10	8	7	2
otu_319	10	4	6	3	9	1
otu_320	3	1	8	10	6	1
otu_321	3	2	6	2	8	10
otu_322	1	8	9	6	2	4
otu_323	8	6	9	5	1	8
otu_324	1	7	9	7	3	1
otu_325	4	2	5	6	9	6
otu_326	8	10	6	10	6	6
otu_327	10	4	7	10	8	5
otu_328	10	5	8	1	3	2
otu_329	8	3	9	10	4	5
otu_330	7	4	5	10	5	10
otu_331	2	3	2	5	4	9
otu_332	1	2	8	6	10	1
otu_333	4	4	9	10	6	5
otu_334	9	2	2	4	9	9
otu_335	5	1	8	6	10	7
otu_336	8	10	8	7	2	2
otu_337	2	4	10	6	8	3
otu_338	5	4	5	3	6	5
otu_339	2	10	10	9	6	6
otu_340	6	6	1	6	5	1
otu_341	10	5	7	1	8	6
otu_342	10	2	4	7	6	1
otu_343	9	4	7	6	4	7
otu_344	7	6	5	3	3	2
otu_345	6	2	6	8	9	7
otu_346	3	5	7	8	3	1
otu_347	8	3	1	9	1	1
otu_348	7	9	3	5	8	5
otu_349	4	5	4	4	7	2
otu_350	8	4	2	9	2	9
otu_351	3	3	1	2	1	7
otu_352	8	5	8	2	7	4
otu_353	6	2	4	9	6	1
otu_354	4	8	7	6	1	8
otu_355	7	9	5	10	7	2
otu_356	10	8	5	4	2	8
otu_357	8	8	10	10	5	8
otu_358	4	3	8	4	9	9
otu_359	10	2	6	5	1	10
otu_360	9	4	9	9	8	4
otu_361	6	6	5	9	1	7
otu_362	3	1	9	6	8	6
otu_363	4	6	4	6	6	1
otu_364	9	10	9	4	9	1
otu_365	9	4	7	6	8	3
otu_366	4	2	4	6	1	1
otu_367	4	4	3	2	3	6
otu_368	6	6	1	3	2	6
otu_369	5	6	7	3	4	8
otu_370	1	4	4	1	8	2
otu_371	8	5	6	1	4	9
otu_372	7	5	5	9	8	9
otu_373	5	10	9	2	10	9
otu_374	6	10	5	2	9	4
otu_375	3	4	1	1	7	4
otu_376	8	7	3	10	3	4
otu_377	10	7	8	6	2	8
otu_378	5	8	7	1	5	9
otu_379	7	7	4	10	5	1
otu_380	4	7	6	9	4	9
otu_381	9	8	4	3	5	1
otu_382	3	3	7	8	6	6
otu_383	10	6	1	10	4	1
otu_384	7	9	1	5	7	4
otu_385	2	2	8	5	8	2
otu_386	9	8	2	9	1	4
otu_387	6	2	4	9	10	7
otu_388	4	1	4	5	4	3
otu_389	6	8	2	8	6	5
otu_390	2	10	3	8	7	8
otu_391	2	10	1	7	8	7
otu_392	8	4	1	5	8	10
otu_393	8	9	1	2	2	7
otu_394	5	5	3	6	1	3
otu_395	9	3	2	8	3	5
otu_396	7	9	7	3	3	1
otu_397	3	4	3	6	8	3
otu_398	7	1	5	6	2	7
otu_399	8	9	8	9	8	3
otu_400	10	6	2	1	5	5
otu_401	5	10	4	1	6	1
otu_402	1	6	2	10	6	2
otu_403	7	4	1	10	8	1
otu_404	6	9	6	2	6	2
otu_405	8	5	7	3	9	5
otu_406	4	2	7	8	10	8
otu_407	6	2	8	4	9	9
otu_408	1	2	2	9	6	4
otu_409	3	8	4	8	10	6
otu_410	4	5	4	8	5	7
otu_411	1	9	4	7	8	3
otu_412	5	3	6	7	5	6
otu_413	4	6	6	1	4	1
otu_414	2	5	8	10	10	6
otu_415	7	2	10	4	10	5
otu_416	3	9	3	6	1	2
otu_417	10	4	6	7	8	3
otu_418	3	5	10	3	5	3
otu_419	1	1	5	6	3	4
otu_420	7	1	2	7	8	3
otu_421	6	2	5	8	6	6
otu_422	4	10	8	3	2	4
otu_423	5	10	6	1	4	10
otu_424	7	10	6	5	3	7
otu_425	3	7	2	1	10	10
otu_426	2	5	5	4	8	6
otu_427	8	7	8	4	6	2
otu_428	4	5	10	7	3	6
otu_429	6	4	9	9	4	9
otu_430	10	2	5	7	7	7
otu_431	7	5	1	3	6	3
otu_432	6	3	9	1	7	10
otu_433	1	3	2	10	8	2
otu_434	6	6	2	8	4	4
otu_435	8	1	4	1	1	3
otu_436	3	3	8	3	10	8
otu_437	2	5	8	4	10	4
otu_438	3	2	3	3	8	6
otu_439	1	8	4	5	6	5
otu_440	2	10	1	3	4	1
otu_441	2	5	2	5	7	3
otu_442	8	3	10	4	3	5
otu_443	10	8	2	1	3	4
otu_444	4	5	8	4	7	8
otu_445	9	3	5	3	9	8
otu_446	7	4	5	6	5	5
otu_447	8	4	1	7	2	10
otu_448	3	1	6	7	2	6
otu_449	6	4	1	8	5	9
otu_450	6	7	3	2	2	8
otu_451	8	9	3	10	9	3
otu_452	1	6	9	4	2	4
otu_453	2	5	5	5	5	4
otu_454	5	6	9	1	2	8
otu_455	8	3	2	10	5	9
otu_456	8	1	8	9	10	9
otu_457	7	7	2	2	3	2
otu_458	5	1	2	7	3	7
otu_459	1	10	8	3	6	4
otu_460	10	2	1	2	2	3
otu_461	9	3	7	5	9	3
otu_462	9	9	1	10	2	6
otu_463	7	4	5	7	5	1
otu_464	10	1	2	4	4	6
otu_465	4	7	1	5	10	8
otu_466	8	4	4	7	5	7
otu_467	4	2	1	3	2	9
otu_468	3	10	4	5	9	1
otu_469	7	3	2	4	10	5
otu_470	1	4	9	9	3	9
otu_471	6	4	8	8	6	5
otu_472	10	9	6	8	1	4
otu_473	10	2	5	10	5	10
otu_474	1	8	8	3	1	3
otu_475	7	3	8	2	7	1
otu_476	5	10	9	5	7	9
otu_477	6	5	4	7	7	9
otu_478	10	2	10	4	2	2
otu_479	6	4	8	8	9	10
otu_480	9	10	5	9	8	4
otu_481	8	5	9	3	2	8
otu_482	1	7	6	5	10	3
otu_483	6	2	7	3	5	4
otu_484	2	2	7	4	10	6
otu_485	8	10	6	4	6	8
otu_486	10	5	3	6	2	7
otu_487	8	9	7	7	10	2
otu_488	9	9	7	6	5	8
otu_489	8	1	3	6	6	3
otu_490	9	9	9	10	2	1
otu_491	9	2	8	2	6	6
otu_492	4	6	10	10	5	9
otu_493	1	2	3	4	6	8
otu_494	3	9	3	4	5	4
otu_495	8	5	3	10	5	4
otu_496	2	9	9	7	2	10
otu_497	1	8	2	9	1	2
otu_498	9	4	4	3	8	3
otu_499	7	3	2	7	4	6
otu_500	7	5	1	4	5	6
otu_501	4	8	2	4	7	5
otu_502	7	3	8	8	1	2
otu_503	4	1	10	7	5	10
otu_504	9	3	7	9	1	7
otu_505	4	2	6	2	8	3
otu_506	10	5	2	10	7	6
otu_507	9	2	6	7	1	3
otu_508	8	2	8	3	1	7
otu_509	7	10	6	9	7	8
otu_510	9	6	4	8	1	9
otu_511	3	6	6	10	8	8
otu_512	1	1	10	10	3	1
otu_513	7	3	3	5	7	7
otu_514	3	7	10	9	3	2
otu_515	7	7	1	10	10	6
otu_516	10	3	9	6	7	5
otu_517	3	10	5	3	10	8
otu_518	6	2	1	7	9	8
otu_519	7	4	2	9	4	10
otu_520	4	5	5	3	3	4
otu_521	10	1	8	1	4	6
otu_522	1	8	1	3	2	8
otu_523	8	10	3	10	2	3
otu_524	5	9	10	6	6	2
otu_525	3	3	4	1	1	1
otu_526	5	5	5	8	7	1
otu_527	5	8	8	2	10	10
otu_528	6	10	1	3	4	7
otu_529	9	3	6	4	5	2
otu_530	1	1	4	8	5	3
otu_531	4	1	8	6	8	5
otu_532	3	2	10	7	4	4
otu_533	5	10	4	9	4	9
otu_534	2	8	8	8	6	10
otu_535	1	9	4	7	3	3
otu_536	4	3	10	6	3	7
otu_537	4	10	2	7	7	4
otu_538	10	1	2	5	10	8
otu_539	10	2	3	8	8	4
otu_540	5	3	1	2	4	1
otu_541	6	6	9	4	6	3
otu_542	4	3	8	1	9	10
otu_543	3	10	5	2	10	4
otu_544	3	8	5	9	8	7
otu_545	1	2	3	5	2	6
otu_546	7	3	8	7	10	3
otu_547	5	5	4	4	3	7
otu_548	7	9	4	1	2	9
otu_549	9	10	3	8	1	10
otu_550	9	10	4	6	10	9
otu_551	8	1	9	10	9	3
otu_552	1	9	5	4	7	6
otu_553	5	3	9	5	9	7
otu_554	5	4	1	7	8	9
otu_555	8	1	2	1	2	9
otu_556	2	1	1	10	3	8
otu_557	6	6	10	6	8	4
otu_558	2	10	4	5	3	10
otu_559	4	7	10	3	10	4
otu_560	10	7	1	7	3	6
otu_561	7	10	10	5	9	6
otu_562	6	2	5	2	1	6
otu_563	8	5	3	2	1	3
otu_564	1	4	10	2	3	1
otu_565	8	9	6	9	6	8
otu_566	5	7	10	1	2	2
otu_567	9	7	5	6	4	5
otu_568	8	7	1	4	6	5
otu_569	10	7	2	10	3	8
otu_570	4	5	2	5	2	4
otu_571	9	9	10	7	1	1
otu_572	9	8	1	5	5	10
otu_573	4	9	4	4	7	3
otu_574	3	3	10	10	9	4
otu_575	7	6	7	5	1	8
otu_576	4	3	7	10	4	7
otu_577	8	2	2	3	1	5
otu_578	8	2	5	6	5	2
otu_579	5	6	1	6	3	3
otu_580	5	5	1	8	1	2
otu_581	8	10	10	1	6	1
otu_582	6	6	7	7	8	2
otu_583	4	1	5	1	1	6
otu_584	3	8	5	1	3	2
otu_585	10	7	3	1	10	10
otu_586	7	9	2	2	3	7
otu_587	5	7	4	6	6	2
otu_588	8	4	8	8	3	9
otu_589	9	2	6	5	7	7
otu_590	10	10	7	7	2	2
otu_591	3	1	9	6	3	10
otu_592	10	1	4	3	3	10
otu_593	8	6	10	2	8	3
otu_594	3	2	9	4	6	7
otu_595	2	10	8	6	2	4
otu_596	10	10	9	3	5	8
otu_597	8	2	10	1	1	1
otu_598	10	1	7	9	5	6
otu_599	7	2	8	6	2	9
otu_600	7	8	7	9	7	3
otu_601	6	8	6	5	1	7
otu_602	1	6	6	3	1	5
otu_603	4	2	5	5	10	4
otu_604	1	5	3	3	2	9
otu_605	5	10	7	1	10	8
otu_606	10	8	9	7	8	4
otu_607	10	2	3	2	5	2
otu_608	2	7	5	9	4	6
otu_609	7	5	6	8	8	7
otu_610	8	4	9	10	8	6
otu_611	3	9	4	4	5	10
otu_612	2	10	8	7	3	1
otu_613	6	2	9	9	10	10
otu_614	3	4	8	4	7	2
otu_615	9	1	7	7	7	6
otu_616	7	10	2	6	7	3
otu_617	9	3	10	9	1	9
otu_618	6	10	6	4	1	6
otu_619	8	10	9	10	8	7
otu_620	9	1	3	1	4	4
otu_621	5	5	3	7	3	1
otu_622	7	4	2	6	10	6
otu_623	9	6	6	9	3	2
otu_624	2	4	3	7	1	5
otu_625	8	9	9	1	8	6
otu_626	9	4	6	4	3	9
otu_627	8	7	7	5	9	9
otu_628	4	5	1	9	3	7
otu_629	7	5	1	1	5	1
otu_630	8	8	10	2	9	8
otu_631	2	3	8	10	3	1
otu_632	6	2	8	4	4	9
otu_633	1	7	7	8	4	7
otu_634	10	4	3	3	3	4
otu_635	6	2	3	2	5	9
otu_636	5	3	6	6	4	3
otu_637	10	3	1	1	5	2
otu_638	9	5	1	6	1	3
otu_639	2	5	10	2	4	2
otu_640	3	4	10	9	1	9
otu_641	3	2	3	5	2	2
otu_642	2	2	9	7	6	10
otu_643	10	6	5	6	4	6
otu_644	8	3	7	8	5	9
otu_645	8	6	10	1	2	2
otu_646	2	7	9	8	9	9
otu_647	6	10	2	8	10	7
otu_648	7	2	2	6	5	4
otu_649	1	10	3	2	9	9
otu_650	7	2	8	3	4	9
otu_651	8	7	10	9	1	2
otu_652	6	2	8	10	10	9
otu_653	10	1	7	1	7	4
otu_654	1	8	6	9	1	5
otu_655	7	6	6	3	10	2
otu_656	7	2	8	2	2	4
otu_657	3	9	7	8	2	8
otu_658	1	4	4	2	10	3
otu_659	8	6	7	8	3	3
otu_660	10	6	9	6	10	7
otu_661	1	9	5	8	6	4
otu_662	1	7	5	10	6	3
otu_663	2	9	9	8	8	6
otu_664	2	8	2	5	1	8
otu_665	4	7	1	10	1	7
otu_666	10	4	5	5	3	9
otu_667	10	9	3	10	2	5
otu_668	5	6	7	4	1	7
otu_669	9	9	8	3	4	7
otu_670	3	2	7	6	5	8
otu_671	7	9	4	5	1	1
otu_672	7	9	2	4	7	5
otu_673	2	2	7	2	6	6
otu_674	2	9	3	7	5	3
otu_675	5	8	6	3	6	8
otu_676	8	10	9	1	8	6
otu_677	4	9	10	2	10	6
otu_678	4	10	7	2	1	4
otu_679	7	2	1	7	4	3
otu_680	10	2	7	3	3	8
otu_681	5	10	2	7	4	1
otu_682	2	5	2	7	2	5
otu_683	2	10	5	8	6	3
otu_684	3	2	8	1	1	2
otu_685	6	4	8	2	3	4
otu_686	2	6	10	1	4	7
otu_687	10	4	6	6	7	4
otu_688	9	4	10	9	5	8
otu_689	3	10	10	6	1	2
otu_690	6	4	5	10	10	1
otu_691	3	8	5	3	7	3
otu_692	8	5	2	7	2	10
otu_693	1	2	9	5	9	4
otu_694	2	2	4	8	5	1
otu_695	5	4	5	8	3	7
otu_696	5	1	6	5	9	7
otu_697	4	1	1	6	8	10
otu_698	7	8	8	10	6	10
otu_699	3	2	2	4	6	5
otu_700	10	9	7	9	7	6
otu_701	7	6	9	1	2	9
otu_702	10	8	4	1	5	8
otu_703	7	8	4	9	3	8
otu_704	2	9	8	10	1	1
otu_705	2	10	7	6	9	5
otu_706	2	2	7	5	5	10
otu_707	3	10	8	3	8	6
otu_708	8	3	10	7	1	1
otu_709	9	8	8	10	10	2
otu_710	1	7	9	7	9	7
otu_711	7	3	7	4	1	7
otu_712	8	2	4	6	6	3
otu_713	1	3	10	8	2	5
otu_714	9	2	1	8	6	5
otu_715	3	9	7	1	1	7
otu_716	9	2	1	4	5	9
otu_717	2	1	5	4	10	4
otu_718	4	3	2	5	3	4
otu_719	8	4	7	2	5	6
otu_720	4	10	7	3	2	8
otu_721	2	3	7	8	3	5
otu_722	6	6	5	3	8	6
otu_723	3	5	7	3	5	9
otu_724	7	4	1	1	5	1
otu_725	3	8	3	4	3	7
otu_726	7	4	3	2	2	2
otu_727	7	7	9	8	8	1
otu_728	7	1	4	4	9	3
otu_729	7	2	1	3	4	3
otu_730	8	8	5	4	9	2
otu_731	8	3	1	8	8	6
otu_732	1	5	3	4	7	7
otu_733	5	4	7	3	4	7
otu_734	9	9	2	4	3	2
otu_735	1	3	9	2	6	5
otu_736	6	1	4	6	5	7
otu_737	9	4	2	1	8	7
otu_738	10	9	5	1	6	8
otu_739	10	1	4	10	3	1
otu_740	8	6	5	5	8	3
otu_741	8	5	3	9	6	3
otu_742	7	2	8	2	6	8
otu_743	7	7	10	3	3	8
otu_744	1	9	7	5	4	7
otu_745	10	7	7	6	8	5
otu_746	9	4	5	1	2	6
otu_747	8	4	7	8	10	3
otu_748	3	10	7	6	3	4
otu_749	8	10	2	3	6	2
otu_750	6	1	7	1	1	7
otu_751	1	9	6	3	4	1
otu_752	4	4	1	1	7	3
otu_753	3	8	1	10	5	10
otu_754	5	6	4	2	5	9
otu_755	7	1	7	8	1	7
otu_756	2	7	4	1	3	1
otu_757	8	1	5	10	6	6
otu_758	8	3	2	5	10	8
otu_759	4	6	9	10	9	5
otu_760	8	8	3	10	8	5
otu_761	10	2	4	8	5	8
otu_762	6	8	6	8	6	2
otu_763	2	2	2	3	3	1
otu_764	1	4	1	7	7	4
otu_765	9	1	9	2	5	4
otu_766	3	6	7	6	6	6
otu_767	5	4	7	5	6	6
otu_768	5	8	1	8	10	8
otu_769	9	7	7	2	3	5
otu_770	4	10	7	2	5	4
otu_771	10	10	10	7	4	1
otu_772	3	2	9	2	6	7
otu_773	3	5	10	4	10	2
otu_774	6	2	7	5	10	7
otu_775	10	4	6	8	2	6
otu_776	4	8	9	6	10	1
otu_777	7	1	5	9	10	2
otu_778	9	6	5	7	3	5
otu_779	3	8	8	2	3	7
otu_780	6	3	1	9	8	1
otu_781	5	6	2	1	10	7
otu_782	9	6	8	5	10	1
otu_783	4	2	4	10	2	4
otu_784	3	6	10	5	4	3
otu_785	7	7	8	1	2	4
otu_786	4	5	8	5	1	9
otu_787	5	1	10	7	9	7
otu_788	8	6	9	5	4	1
otu_789	7	4	3	10	8	10
otu_790	8	2	6	5	10	9
otu_791	6	4	5	9	6	1
otu_792	8	4	1	5	2	10
otu_793	7	1	4	10	6	6
otu_794	1	10	7	2	9	9
otu_795	6	6	1	3	3	6
otu_796	10	9	9	3	9	10
otu_797	6	1	10	10	3	1
otu_798	10	2	9	10	6	1
otu_799	4	7	1	7	8	1
otu_800	9	6	9	6	7	4
otu_801	9	7	10	9	2	4
otu_802	10	2	6	6	8	7
otu_803	4	5	10	2	1	4
otu_804	5	6	1	6	1	5
otu_805	9	10	7	1	8	2
otu_806	3	8	3	3	4	4
otu_807	3	7	3	7	9	4
otu_808	2	6	5	4	6	10
otu_809	7	4	1	7	1	6
otu_810	1	1	2	2	10	10
otu_811	3	2	7	9	7	4
otu_812	7	1	1	10	8	2
otu_813	2	5	8	1	2	9
otu_814	9	8	3	1	8	8
otu_815	5	9	6	2	6	9
otu_816	1	1	9	9	4	7
otu_817	10	1	1	10	10	8
otu_818	9	10	3	1	1	5
otu_819	9	10	5	7	10	5
otu_820	7	2	7	8	6	3
otu_821	2	9	2	7	10	9
otu_822	8	4	10	10	1	10
otu_823	7	9	7	4	6	3
otu_824	6	1	6	8	8	1
otu_825	7	4	1	1	2	1
otu_826	10	9	4	7	6	2
otu_827	2	2	4	10	4	3
otu_828	2	1	4	2	8	8
otu_829	5	9	2	3	6	9
otu_830	7	7	4	6	3	2
otu_831	10	6	8	8	9	3
otu_832	9	3	3	5	1	7
otu_833	7	7	9	5	9	1
otu_834	6	8	8	10	1	8
otu_835	4	4	7	7	4	4
otu_836	3	1	8	10	2	2
otu_837	3	1	4	3	6	1
otu_838	10	9	6	7	9	5
otu_839	2	4	5	3	6	9
otu_840	3	5	3	10	1	2
otu_841	1	3	8	1	9	7
otu_842	1	9	9	6	3	9
otu_843	1	8	8	4	8	8
otu_844	4	1	8	8	6	8
otu_845	3	6	6	5	2	2
otu_846	2	5	4	2	5	6
otu_847	7	9	1	9	1	7
otu_848	2	10	3	1	10	2
otu_849	2	9	3	6	1	8
otu_850	7	5	3	8	10	9
otu_851	10	1	2	2	10	2
otu_852	4	4	8	9	6	9
otu_853	4	4	4	9	7	10
otu_854	8	2	10	4	8	10
otu_855	9	10	2	1	1	4
otu_856	3	5	2	2	9	5
otu_857	9	3	8	2	6	10
otu_858	3	5	10	2	8	9
otu_859	6	6	5	6	6	2
otu_860	5	1	10	9	6	2
otu_861	2	10	1	5	8	7
otu_862	6	7	6	9	10	10
otu_863	1	2	5	9	3	6
otu_864	5	9	5	5	6	9
otu_865	3	4	4	8	5	10
otu_866	3	2	6	4	3	7
otu_867	3	10	7	5	4	6
otu_868	6	7	10	8	9	5
otu_869	9	3	3	3	4	8
otu_870	3	8	3	2	3	8
otu_871	2	3	9	3	4	3
otu_872	5	5	6	4	4	3
otu_873	5	3	9	3	3	8
otu_874	7	6	6	10	6	10
otu_875	2	7	4	1	8	10
otu_876	8	5	3	6	7	5
otu_877	7	8	7	7	10	9
otu_878	7	8	4	4	10	8
otu_879	8	3	6	3	7	7
otu_880	5	10	7	1	10	6
otu_881	2	1	7	3	2	3
otu_882	3	4	2	10	9	3
otu_883	9	4	4	9	2	1
otu_884	3	4	10	4	7	3
otu_885	3	9	4	1	6	3
otu_886	5	5	8	10	10	1
otu_887	7	7	4	8	4	9
otu_888	8	5	3	8	6	2
otu_889	10	1	1	3	3	8
otu_890	4	4	5	1	10	4
otu_891	3	2	2	10	9	8
otu_892	7	1	6	6	8	2
otu_893	8	10	7	5	8	1
otu_894	1	2	4	10	4	9
otu_895	7	4	10	4	3	10
otu_896	9	4	5	2	1	8
otu_897	3	10	7	9	2	2
otu_898	10	2	1	1	7	2
otu_899	6	8	8	2	9	4
otu_900	4	6	10	3	6	5
otu_901	9	3	10	9	1	6
otu_902	5	4	9	9	3	10
otu_903	9	2	7	1	5	4
otu_904	9	1	5	8	7	4
otu_905	5	2	6	5	8	4
otu_906	6	8	10	1	7	5
otu_907	6	5	4	5	6	2
otu_908	6	7	6	8	3	6
otu_909	8	2	5	5	9	2
otu_910	4	5	9	5	4	1
otu_911	8	9	3	7	7	9
otu_912	7	7	7	2	8	5
otu_913	7	9	4	4	4	6
otu_914	5	8	6	4	5	9
otu_915	8	9	5	2	3	2
otu_916	1	10	9	7	6	7
otu_917	7	1	5	2	7	9
otu_918	10	10	2	3	9	4
otu_919	7	7	4	4	7	5
otu_920	5	1	3	1	1	9
otu_921	1	5	6	7	8	6
otu_922	7	3	1	1	4	2
otu_923	7	2	6	10	2	4
otu_924	3	7	3	3	10	10
otu_925	3	3	6	1	10	7
otu_926	9	2	7	1	1	9
otu_927	1	9	6	9	7	1
otu_928	9	10	10	2	3	6
otu_929	7	9	4	4	10	7
otu_930	6	9	5	7	10	10
otu_931	1	8	8	4	1	6
otu_932	8	4	8	10	6	3
otu_933	5	10	3	8	9	10
otu_934	10	3	10	9	5	2
otu_935	9	4	2	9	9	1
otu_936	5	7	4	5	7	10
otu_937	3	10	2	9	6	9
otu_938	1	4	10	3	5	7
otu_939	6	1	5	2	8	7
otu_940	4	5	9	5	2	8
otu_941	8	3	8	4	2	10
otu_942	9	4	2	3	5	9
otu_943	9	1	5	1	4	9
otu_944	8	5	1	3	7	7
otu_945	7	3	6	1	9	6
otu_946	4	1	6	10	2	10
otu_947	8	1	3	2	3	5
otu_948	5	9	5	7	7	8
otu_949	1	3	4	9	2	8
otu_950	1	4	10	10	8	4
otu_951	5	6	5	2	8	5
otu_952	3	9	2	5	2	5
otu_953	4	9	6	1	10	10
otu_954	3	3	6	2	8	2
otu_955	2	8	6	9	5	10
otu_956	10	1	9	10	5	9
otu_957	3	10	2	4	6	5
otu_958	10	1	10	7	7	8
otu_959	5	7	9	7	2	7
otu_960	8	6	3	1	5	8
otu_961	1	7	6	6	3	10
otu_962	5	5	8	8	5	7
otu_963	3	8	5	8	6	3
otu_964	6	10	3	10	6	5
otu_965	2	1	4	3	9	7
otu_966	1	1	7	2	1	5
otu_967	7	10	10	10	5	7
otu_968	1	8	10	4	6	5
otu_969	8	3	6	3	6	7
otu_970	3	4	4	6	8	7
otu_971	2	8	3	1	8	2
otu_972	10	5	4	9	2	7
otu_973	3	3	6	10	4	5
otu_974	5	10	2	2	8	7
otu_975	8	1	6	3	3	5
otu_976	1	1	9	2	10	2
otu_977	2	4	5	3	10	5
otu_978	4	2	1	6	4	5
otu_979	7	5	2	9	5	2
otu_980	5	9	5	6	10	1
otu_981	10	8	1	6	3	6
otu_982	4	5	2	7	9	5
otu_983	8	2	8	2	3	10
otu_984	1	10	9	10	1	6
otu_985	5	4	4	6	4	5
otu_986	7	2	6	2	7	6
otu_987	6	2	5	7	9	6
otu_988	10	4	3	3	9	1
otu_989	1	9	3	10	2	10
otu_990	10	2	2	1	8	3
otu_991	7	4	4	8	8	10
otu_992	2	2	2	2	3	1
otu_993	10	10	5	9	6	5
otu_994	5	7	9	7	8	4
otu_995	3	4	9	8	10	10
otu_996	2	10	1	9	3	2
otu_997	6	7	4	6	10	3
otu_998	2	2	5	3	5	3
otu_999	3	2	3	6	5	2
otu_1000	3	6	4	2	10	5
otu_1001	4	10	2	5	1	3
otu_1002	9	1	6	7	8	2
otu_1003	5	8	1	2	10	3
otu_1004	2	8	4	10	4	2
otu_1005	9	7	2	9	4	4
otu_1006	1	10	5	8	6	1
otu_1007	7	8	9	7	3	10
otu_1008	1	10	4	5	9	1
otu_1009	6	3	4	10	2	7
otu_1010	1	10	9	8	4	2
otu_1011	6	2	9	1	3	5
otu_1012	8	1	8	6	10	3
otu_1013	10	7	9	5	4	6
otu_1014	2	6	9	10	8	6
otu_1015	5	4	9	5	7	2
otu_1016	10	7	5	7	9	4
otu_1017	2	1	3	6	4	10
otu_1018	5	9	3	7	1	2
otu_1019	3	9	3	10	10	3
otu_1020	6	7	10	1	5	5
otu_1021	6	4	6	7	4	9
otu_1022	9	7	5	4	4	4
otu_1023	6	2	9	7	6	9
otu_1024	4	10	3	9	8	1
otu_1025	2	4	3	4	9	8
otu_1026	7	4	10	1	1	8
otu_1027	9	1	3	6	3	9
otu_1028	4	7	9	8	4	6
otu_1029	1	2	7	4	7	9
otu_1030	8	6	9	5	3	6
otu_1031	3	7	6	8	3	8
otu_1032	9	8	9	10	3	8
otu_1033	6	4	7	9	9	3
otu_1034	3	3	7	3	2	3
otu_1035	3	1	9	6	9	5
otu_1036	4	8	1	7	4	1
otu_1037	6	4	4	2	9	2
otu_1038	2	8	4	3	8	3
otu_1039	7	3	3	9	8	10
otu_1040	6	1	8	1	3	10
otu_1041	7	5	3	5	3	4
otu_1042	4	7	2	8	10	4
otu_1043	7	10	2	8	9	7
otu_1044	10	5	4	1	8	9
otu_1045	4	2	5	3	7	8
otu_1046	9	10	6	2	2	3
otu_1047	5	4	6	1	2	5
otu_1048	9	8	1	9	9	2
otu_1049	9	4	1	4	1	7
otu_1050	3	2	8	10	10	8
otu_1051	1	4	3	10	2	5
otu_1052	9	1	7	9	10	10
otu_1053	9	7	9	8	5	4
otu_1054	3	6	2	4	8	8
otu_1055	4	5	1	3	7	2
otu_1056	7	7	5	3	7	9
otu_1057	9	2	1	3	1	6
otu_1058	10	7	10	7	10	9
otu_1059	8	2	6	10	9	5
otu_1060	3	4	10	3	1	3
otu_1061	6	1	7	2	8	9
otu_1062	1	5	6	8	9	6
otu_1063	9	7	10	5	8	7
otu_1064	9	8	5	1	2	7
otu_1065	7	2	7	7	9	1
otu_1066	8	1	10	8	5	2
otu_1067	1	3	7	4	2	6
otu_1068	10	2	3	5	2	9
otu_1069	8	1	3	5	8	4
otu_1070	2	10	6	5	7	3
otu_1071	8	3	9	2	2	3
otu_1072	6	10	2	3	6	8
otu_1073	9	1	4	7	6	7
otu_1074	2	2	3	7	2	4
otu_1075	7	4	10	3	10	1
otu_1076	7	7	2	8	5	2
otu_1077	9	2	1	9	10	3
otu_1078	3	10	2	3	8	1
otu_1079	3	1	3	2	2	4
otu_1080	5	1	3	5	4	10
otu_1081	2	8	7	7	7	2
otu_1082	4	3	2	10	2	3
otu_1083	10	8	4	3	9	7
otu_1084	1	7	1	10	2	1
otu_1085	10	1	2	1	10	2
otu_1086	5	10	7	6	9	2
otu_1087	10	7	8	6	6	6
otu_1088	8	8	1	5	9	9
otu_1089	5	6	6	8	6	4
otu_1090	6	7	6	6	10	4
otu_1091	9	6	9	8	1	4
otu_1092	3	9	3	10	8	7
otu_1093	1	10	6	10	6	3
otu_1094	9	5	2	1	2	2
otu_1095	2	4	5	3	3	2
otu_1096	1	6	3	4	6	4
otu_1097	8	5	7	8	9	10
otu_1098	9	7	7	10	2	10
otu_1099	2	10	7	10	2	6
otu_1100	3	3	6	8	8	6
otu_1101	6	9	9	1	3	1
otu_1102	1	1	10	1	4	6
otu_1103	7	2	5	6	2	7
otu_1104	2	10	10	5	10	6
otu_1105	5	1	7	8	8	5
otu_1106	10	10	2	1	3	9
otu_1107	3	4	5	6	6	8
otu_1108	7	2	9	5	4	10
otu_1109	2	6	4	2	8	10
otu_1110	8	9	9	9	2	3
otu_1111	3	4	3	10	5	3
otu_1112	4	7	1	6	2	3
otu_1113	3	6	9	10	9	6
otu_1114	3	8	9	7	6	1
otu_1115	2	6	10	5	8	8
otu_1116	4	9	9	1	2	8
otu_1117	4	3	10	6	10	10
otu_1118	6	6	1	10	7	1
otu_1119	6	9	5	4	4	10
otu_1120	3	8	2	9	4	8
otu_1121	9	3	4	6	8	10
otu_1122	5	10	3	6	4	1
otu_1123	5	2	6	5	6	4
otu_1124	8	4	2	10	4	9
otu_1125	5	2	2	4	2	9
otu_1126	5	7	8	9	6	10
otu_1127	3	6	2	10	6	1
otu_1128	7	6	4	10	9	5
otu_1129	1	9	7	1	7	5
otu_1130	2	10	2	3	6	2
otu_1131	1	9	3	8	3	9
otu_1132	8	3	10	8	1	9
otu_1133	1	2	4	8	2	5
otu_1134	2	8	8	7	2	2
otu_1135	10	5	2	3	2	9
otu_1136	2	5	3	7	3	8
otu_1137	6	7	5	1	10	7
otu_1138	3	2	3	10	6	4
otu_1139	8	1	9	6	1	7
otu_1140	1	4	7	4	2	2
otu_1141	6	10	10	5	6	3
otu_1142	8	4	10	3	10	6
otu_1143	1	2	4	1	2	2
otu_1144	4	5	2	6	2	8
otu_1145	8	6	2	10	6	9
otu_1146	3	7	2	2	2	3
otu_1147	1	7	6	8	6	10
otu_1148	6	7	10	3	1	8
otu_1149	3	7	6	3	3	5
otu_1150	5	7	9	6	8	7
otu_1151	1	3	3	8	2	3
otu_1152	6	6	5	5	10	4
otu_1153	5	10	9	3	3	3
otu_1154	1	6	8	2	7	9
otu_1155	8	1	10	10	3	6
otu_1156	9	1	3	3	9	10
otu_1157	5	4	8	3	5	3
otu_1158	5	5	5	2	8	1
otu_1159	8	1	2	9	9	1
otu_1160	4	1	1	10	8	8
otu_1161	4	3	1	5	3	7
otu_1162	4	2	3	10	2	3
otu_1163	5	9	3	10	8	8
otu_1164	4	1	7	6	10	5
otu_1165	6	9	10	1	1	9
otu_1166	10	2	8	1	9	4
otu_1167	4	9	4	4	3	1
otu_1168	1	10	1	10	6	6
otu_1169	8	4	1	7	2	8
otu_1170	5	2	8	4	9	5
otu_1171	5	10	4	5	8	5
otu_1172	10	4	9	6	6	8
otu_1173	3	7	3	9	4	9
otu_1174	1	4	10	9	7	7
otu_1175	2	9	2	2	6	6
otu_1176	3	3	10	4	7	4
otu_1177	4	6	9	10	5	8
otu_1178	10	7	5	7	7	4
otu_1179	4	3	8	8	8	1
otu_1180	4	6	5	4	9	9
otu_1181	10	7	10	1	1	5
otu_1182	1	6	2	3	9	7
otu_1183	9	1	3	10	9	2
otu_1184	1	9	3	8	4	3
otu_1185	5	3	8	7	9	8
otu_1186	4	5	7	8	3	3
otu_1187	1	6	8	3	1	5
otu_1188	7	7	4	6	10	3
otu_1189	9	5	5	7	9	7
otu_1190	5	4	1	9	4	9
otu_1191	9	5	5	2	10	10
otu_1192	6	3	9	10	7	5
otu_1193	9	6	7	3	5	10
otu_1194	3	6	6	8	10	4
otu_1195	9	2	1	4	5	4
otu_1196	1	10	10	5	3	8
otu_1197	3	4	1	4	1	7
otu_1198	6	8	8	1	10	6
otu_1199	2	10	10	5	8	4
otu_1200	1	2	5	1	1	6
otu_1201	10	9	8	8	9	1
otu_1202	5	10	2	1	6	5
otu_1203	1	5	6	5	9	10
otu_1204	6	10	7	1	2	9
otu_1205	6	8	7	9	8	7
otu_1206	8	9	1	4	8	5
otu_1207	1	10	8	1	5	4
otu_1208	6	10	9	5	6	10
otu_1209	1	4	5	9	10	9
otu_1210	6	10	1	3	6	4
otu_1211	6	10	5	4	1	10
otu_1212	5	2	5	4	5	10
otu_1213	10	6	5	4	7	8
otu_1214	9	9	3	10	7	6
otu_1215	10	8	7	3	1	6
otu_1216	3	2	6	3	5	7
otu_1217	9	2	6	10	9	8
otu_1218	5	2	2	9	9	8
otu_1219	7	7	4	4	5	7
otu_1220	2	8	6	3	5	2
otu_1221	6	2	5	10	8	4
otu_1222	10	6	1	3	8	4
otu_1223	7	2	6	4	1	3
otu_1224	9	2	4	2	5	3
otu_1225	3	6	9	1	6	8
otu_1226	9	8	8	5	10	6
otu_1227	6	9	2	10	3	4
otu_1228	6	9	3	6	8	7
otu_1229	8	1	7	6	10	10
otu_1230	4	9	7	5	5	6
otu_1231	6	2	7	5	1	5
otu_1232	1	2	9	2	6	1
otu_1233	4	10	8	8	9	8
otu_1234	6	6	3	9	10	5
otu_1235	10	2	6	9	1	9
otu_1236	7	3	3	7	8	7
otu_1237	7	1	4	8	9	9
otu_1238	5	2	9	4	9	2
otu_1239	1	2	10	4	6	8
otu_1240	3	6	10	2	2	1
otu_1241	8	6	4	9	8	8
otu_1242	1	1	8	10	5	7
otu_1243	8	10	4	3	9	5
otu_1244	7	9	8	2	7	3
otu_1245	3	4	3	9	4	5
otu_1246	1	10	6	5	7	3
otu_1247	8	4	1	10	5	8
otu_1248	8	7	6	8	6	2
otu_1249	7	9	1	8	6	3
otu_1250	9	7	9	3	5	8
otu_1251	1	10	3	4	8	6
otu_1252	8	6	6	8	9	1
otu_1253	1	9	9	2	4	4
otu_1254	6	4	9	3	5	2
otu_1255	2	3	4	6	5	4
otu_1256	5	1	1	2	2	3
otu_1257	10	6	9	1	4	1
otu_1258	3	2	5	10	2	8
otu_1259	10	6	8	3	3	5
otu_1260	4	8	9	3	9	8
otu_1261	8	3	8	6	3	1
otu_1262	6	7	5	8	7	4
otu_1263	9	8	7	7	3	1
otu_1264	5	8	2	8	5	10
otu_1265	1	6	1	4	9	4
otu_1266	1	10	8	3	5	5
otu_1267	2	4	1	8	3	5
otu_1268	10	6	9	10	10	10
otu_1269	9	4	5	1	6	4
otu_1270	1	9	5	9	9	8
otu_1271	2	4	8	7	9	8
otu_1272	9	8	6	8	8	1
otu_1273	1	7	5	6	3	3
otu_1274	2	10	10	10	3	10
otu_1275	4	4	1	7	6	6
otu_1276	8	1	6	6	8	3
otu_1277	8	4	3	3	6	5
otu_1278	5	4	9	7	7	1
otu_1279	9	3	2	6	8	4
otu_1280	10	1	7	1	4	5
otu_1281	1	2	3	9	4	10
otu_1282	4	2	5	10	1	5
otu_1283	7	4	1	6	2	6
otu_1284	6	9	4	8	6	4
otu_1285	2	1	10	3	6	9
otu_1286	7	1	10	6	2	3
otu_1287	3	4	9	6	2	3
otu_1288	2	10	2	9	5	4
otu_1289	1	3	1	8	10	1
otu_1290	6	4	3	3	8	2
otu_1291	6	1	1	9	8	4
otu_1292	4	7	5	10	4	5
otu_1293	5	2	8	1	10	3
otu_1294	5	4	5	6	10	7
otu_1295	10	10	2	2	7	9
otu_1296	8	6	2	3	9	6
otu_1297	6	5	6	5	7	1
otu_1298	10	3	2	9	2	7
otu_1299	7	3	7	4	4	4
otu_1300	3	2	7	3	9	9
otu_1301	1	8	7	2	2	5
otu_1302	2	4	5	9	7	2
otu_1303	10	10	9	2	1	5
otu_1304	5	10	6	6	4	7
otu_1305	5	9	3	4	2	6
otu_1306	7	7	3	5	8	2
otu_1307	1	5	3	2	4	7
otu_1308	1	3	5	4	4	8
otu_1309	10	5	8	8	9	2
otu_1310	2	6	7	1	4	10
otu_1311	2	4	4	10	1	2
otu_1312	5	3	9	3	3	10
otu_1313	1	7	5	4	9	3
otu_1314	3	9	9	10	7	2
otu_1315	10	8	5	3	7	10
otu_1316	9	6	4	1	9	10
otu_1317	3	2	1	3	10	9
otu_1318	2	8	6	6	5	10
otu_1319	1	4	9	3	2	1
otu_1320	9	2	7	8	4	5
otu_1321	3	2	3	3	1	4
otu_1322	2	6	4	8	5	1
otu_1323	9	3	1	9	1	1
otu_1324	10	10	1	8	10	1
otu_1325	10	3	6	1	6	3
otu_1326	6	2	1	9	3	3
otu_1327	6	6	7	8	1	3
otu_1328	8	5	6	10	8	5
otu_1329	4	2	2	5	4	3
otu_1330	2	7	8	10	3	3
otu_1331	1	8	1	5	1	10
otu_1332	2	5	10	5	1	8
otu_1333	7	10	4	5	5	8
otu_1334	7	5	7	7	8	10
otu_1335	4	1	8	6	1	4
otu_1336	5	9	1	10	10	9
otu_1337	10	7	8	3	1	5
otu_1338	1	3	6	3	7	4
otu_1339	10	10	9	4	4	4
otu_1340	9	1	8	10	7	8
otu_1341	7	1	5	6	1	8
otu_1342	5	4	9	9	10	9
otu_1343	7	9	6	6	2	10
otu_1344	5	10	7	7	3	4
otu_1345	2	6	8	3	1	1
otu_1346	8	2	3	8	3	5
otu_1347	7	2	9	7	10	9
otu_1348	10	5	3	2	10	10
otu_1349	8	5	3	8	3	2
otu_1350	9	3	6	1	6	10
otu_1351	3	6	9	8	2	2
otu_1352	6	7	4	8	5	6
otu_1353	7	2	1	1	9	1
otu_1354	3	4	5	6	2	9
otu_1355	8	8	8	9	10	8
otu_1356	1	3	8	8	3	7
otu_1357	9	1	7	5	8	3
otu_1358	6	4	1	5	8	5
otu_1359	9	6	5	6	8	9
otu_1360	3	2	2	7	4	8
otu_1361	3	1	2	2	10	2
otu_1362	6	3	7	9	4	8
otu_1363	9	8	4	5	10	2
otu_1364	9	4	4	9	10	4
otu_1365	3	1	10	8	5	2
otu_1366	5	1	2	7	1	9
otu_1367	7	5	2	6	7	3
otu_1368	2	5	4	2	1	2
otu_1369	6	8	4	8	9	1
otu_1370	8	6	9	7	10	9
otu_1371	5	8	6	9	4	7
otu_1372	3	7	9	9	7	8
otu_1373	10	7	1	5	4	4
otu_1374	5	6	1	5	6	10
otu_1375	4	5	8	5	8	10
otu_1376	4	9	8	1	10	10
otu_1377	7	4	10	7	1	2
otu_1378	1	5	6	8	9	4
otu_1379	2	1	2	10	10	8
otu_1380	5	10	5	6	3	9
otu_1381	3	8	1	5	7	6
otu_1382	7	3	3	5	5	6
otu_1383	8	5	8	4	10	8
otu_1384	5	5	1	9	3	5
otu_1385	7	4	9	9	9	8
otu_1386	3	5	8	9	1	9
otu_1387	6	2	4	9	10	10
otu_1388	8	9	4	4	1	8
otu_1389	10	5	5	8	5	7
otu_1390	6	1	2	1	3	10
otu_1391	10	1	2	1	5	2
otu_1392	8	8	7	6	7	6
otu_1393	10	5	1	10	8	4
otu_1394	6	1	3	9	7	10
otu_1395	3	3	8	4	8	1
otu_1396	7	2	2	5	4	5
otu_1397	1	8	3	1	6	2
otu_1398	6	3	5	2	3	4
otu_1399	5	6	1	6	4	6
otu_1400	2	5	4	6	9	5
otu_1401	7	4	10	3	9	2
otu_1402	3	8	6	8	4	1
otu_1403	3	4	4	3	6	7
otu_1404	4	10	5	7	10	5
otu_1405	1	9	2	3	2	3
otu_1406	6	5	5	1	6	4
otu_1407	5	3	5	10	9	1
otu_1408	2	5	1	8	5	7
otu_1409	7	7	7	2	6	4
otu_1410	10	9	9	4	9	2
otu_1411	1	8	6	6	6	7
otu_1412	5	6	7	6	7	4
otu_1413	5	9	9	5	4	6
otu_1414	8	3	4	6	5	9
otu_1415	3	3	4	6	4	10
otu_1416	1	8	7	6	1	9
otu_1417	4	2	5	5	8	7
otu_1418	8	2	10	2	5	7
otu_1419	2	10	6	1	9	2
otu_1420	4	3	7	8	6	2
otu_1421	8	9	2	1	9	10
otu_1422	8	6	2	10	9	3
otu_1423	5	2	9	8	10	3
otu_1424	6	3	4	6	4	10
otu_1425	7	2	10	8	6	5
otu_1426	9	2	1	3	5	5
otu_1427	7	6	2	10	5	2
otu_1428	4	1	9	7	4	8
otu_1429	2	8	3	6	5	8
otu_1430	8	5	1	5	4	9
otu_1431	8	9	6	5	10	7
otu_1432	1	3	9	7	4	1
otu_1433	7	3	2	2	3	10
otu_1434	2	2	7	10	1	5
otu_1435	10	1	1	1	7	4
otu_1436	6	8	9	8	8	1
otu_1437	4	8	1	9	4	2
otu_1438	6	7	1	1	1	3
otu_1439	10	8	9	9	9	9
otu_1440	3	10	8	5	10	5
otu_1441	6	1	6	9	8	8
otu_1442	9	9	1	8	4	10
otu_1443	8	7	5	7	10	10
otu_1444	9	6	4	6	5	3
otu_1445	7	2	6	1	7	8
otu_1446	3	6	6	7	8	4
otu_1447	8	2	4	7	7	8
otu_1448	10	4	2	3	5	7
otu_1449	2	2	3	7	2	6
otu_1450	8	6	2	10	9	8
otu_1451	8	6	4	6	4	2
otu_1452	8	3	2	10	7	4
otu_1453	2	2	7	2	5	4
otu_1454	1	8	3	7	3	9
otu_1455	9	4	4	3	7	7
otu_1456	5	9	4	7	2	7
otu_1457	7	6	9	7	10	9
otu_1458	3	2	3	6	9	9
otu_1459	6	1	6	5	4	3
otu_1460	8	9	1	5	6	7
otu_1461	9	8	7	9	2	2
otu_1462	3	6	1	10	9	7
otu_1463	1	8	10	1	8	10
otu_1464	8	4	8	3	3	6
otu_1465	7	5	2	6	3	6
otu_1466	5	2	4	5	4	3
otu_1467	3	10	1	8	10	5
otu_1468	7	5	6	2	9	5
otu_1469	4	5	3	1	3	6
otu_1470	9	9	8	2	6	9
otu_1471	5	7	5	9	3	1
otu_1472	9	2	3	1	2	9
otu_1473	7	10	3	9	8	3
otu_1474	9	9	10	9	2	1
otu_1475	9	10	5	5	1	10
otu_1476	7	10	9	9	8	3
otu_1477	4	9	7	8	2	5
otu_1478	3	10	5	9	4	6
otu_1479	9	10	6	7	6	8
otu_1480	2	7	1	9	5	7
otu_1481	8	1	10	1	8	3
otu_1482	1	1	3	9	9	7
otu_1483	10	9	10	10	4	3
otu_1484	7	7	3	6	7	4
otu_1485	2	6	4	1	8	7
otu_1486	10	3	7	5	6	9
otu_1487	3	4	9	8	10	8
otu_1488	2	7	6	7	2	6
otu_1489	5	4	3	5	8	1
otu_1490	8	4	6	1	5	5
otu_1491	1	7	4	10	10	6
otu_1492	1	1	4	9	3	4
otu_1493	8	7	2	4	2	10
otu_1494	2	2	5	6	3	9
otu_1495	8	8	10	4	9	10
otu_1496	3	5	4	10	1	8
otu_1497	4	1	8	2	1	2
otu_1498	7	3	5	8	9	1
otu_1499	2	7	4	5	10	7
otu_1500	4	1	6	7	3	4
otu_1501	1	7	6	5	4	6
otu_1502	3	8	3	10	9	10
otu_1503	7	2	3	3	6	6
otu_1504	8	6	1	9	5	9
otu_1505	3	10	1	6	7	2
otu_1506	7	9	7	3	9	9
otu_1507	2	7	8	2	4	7
otu_1508	2	1	1	6	2	9
otu_1509	9	7	5	1	2	10
otu_1510	10	7	6	3	5	2
otu_1511	7	1	1	2	5	7
otu_1512	1	2	3	4	7	3
otu_1513	2	3	10	10	5	8
otu_1514	9	8	1	9	10	8
otu_1515	9	1	2	7	5	9
otu_1516	1	3	6	4	4	8
otu_1517	6	9	10	10	6	4
otu_1518	6	4	5	7	7	10
otu_1519	9	4	2	5	1	2
otu_1520	7	8	5	9	8	7
otu_1521	9	3	6	8	4	6
otu_1522	3	4	3	6	8	7
otu_1523	8	5	10	7	5	7
otu_1524	10	2	3	10	4	8
otu_1525	6	10	3	3	2	8
otu_1526	10	4	3	9	9	5
otu_1527	9	7	1	2	5	2
otu_1528	9	6	5	4	6	7
otu_1529	4	4	7	8	3	6
otu_1530	9	9	1	8	8	8
otu_1531	9	7	8	7	2	2
otu_1532	5	8	1	2	5	6
otu_1533	1	3	1	3	4	7
otu_1534	2	8	7	2	9	5
otu_1535	3	7	9	10	5	6
otu_1536	5	7	8	1	2	4
otu_1537	8	2	10	10	2	2
otu_1538	1	1	2	9	2	1
otu_1539	7	7	4	1	3	10
otu_1540	10	5	2	8	6	10
otu_1541	5	1	9	2	6	6
otu_1542	7	2	8	7	3	10
otu_1543	9	5	8	5	5	1
otu_1544	10	6	7	5	5	1
otu_1545	2	6	1	5	8	1
otu_1546	6	1	3	9	1	8
otu_1547	3	8	8	10	3	3
otu_1548	3	8	3	9	3	8
otu_1549	8	4	6	3	9	2
otu_1550	7	9	7	2	9	5
otu_1551	2	9	7	3	7	9
otu_1552	5	4	4	1	6	6
otu_1553	6	1	4	6	6	9
otu_1554	3	3	4	7	1	7
otu_1555	1	3	1	4	10	9
otu_1556	9	6	5	1	3	5
otu_1557	8	6	8	9	1	6
otu_1558	9	5	1	9	5	9
otu_1559	1	7	3	7	5	8
otu_1560	8	10	5	8	6	7
otu_1561	8	9	2	8	7	8
otu_1562	8	7	5	7	7	3
otu_1563	10	6	8	6	5	9
otu_1564	10	10	2	9	9	1
otu_1565	8	10	5	10	10	6
otu_1566	8	10	8	6	2	5
otu_1567	8	3	7	3	5	9
otu_1568	2	3	2	4	8	7
otu_1569	2	7	5	1	3	9
otu_1570	2	8	4	4	10	2
otu_1571	3	4	8	9	4	1
otu_1572	2	7	7	3	6	7
otu_1573	9	5	3	5	8	4
otu_1574	9	1	10	6	5	10
otu_1575	7	1	6	2	2	9
otu_1576	5	4	5	4	4	6
otu_1577	10	1	1	10	6	3
otu_1578	6	2	5	3	2	8
otu_1579	2	4	8	4	4	8
otu_1580	1	9	10	10	6	2
otu_1581	2	2	8	5	3	9
otu_1582	2	10	3	10	7	5
otu_1583	10	3	3	9	6	2
otu_1584	5	5	5	10	9	2
otu_1585	8	6	7	9	1	6
otu_1586	3	10	7	8	4	7
otu_1587	2	1	10	8	4	10
otu_1588	8	6	5	7	4	9
otu_1589	9	9	4	4	2	7
otu_1590	9	5	1	6	3	5
otu_1591	7	1	2	2	3	4
otu_1592	2	6	7	2	1	1
otu_1593	5	8	1	4	9	9
otu_1594	9	2	3	6	10	6
otu_1595	3	9	4	7	5	3
otu_1596	10	4	1	10	1	7
otu_1597	9	4	10	5	9	5
otu_1598	5	9	5	1	8	2
otu_1599	8	10	9	3	9	10
otu_1600	2	5	8	3	5	1
otu_1601	6	10	3	5	10	1
otu_1602	8	4	10	5	4	3
otu_1603	6	4	5	5	6	10
otu_1604	10	2	4	8	7	7
otu_1605	6	3	3	3	9	2
otu_1606	4	4	2	8	2	4
otu_1607	1	5	2	10	3	2
otu_1608	8	8	2	4	2	10
otu_1609	9	3	8	3	6	10
otu_1610	6	1	2	5	5	10
otu_1611	6	2	5	8	3	2
otu_1612	2	3	3	1	2	1
otu_1613	9	7	5	10	9	9
otu_1614	8	3	7	7	1	7
otu_1615	3	3	6	5	1	3
otu_1616	10	7	3	9	7	9
otu_1617	3	10	9	9	9	3
otu_1618	9	4	8	9	1	3
otu_1619	6	8	3	3	9	9
otu_1620	7	1	9	2	2	6
otu_1621	10	2	1	1	8	7
otu_1622	7	4	3	9	8	8
otu_1623	5	10	7	5	3	9
otu_1624	9	2	8	4	1	1
otu_1625	5	3	9	2	10	4
otu_1626	4	6	10	1	2	8
otu_1627	10	6	3	9	9	3
otu_1628	7	2	4	9	9	2
otu_1629	3	9	2	1	9	6
otu_1630	3	5	10	7	10	2
otu_1631	3	2	1	5	10	7
otu_1632	7	5	6	10	2	6
otu_1633	5	2	10	9	3	5
otu_1634	6	3	4	5	8	1
otu_1635	2	5	2	9	7	4
otu_1636	4	4	9	5	10	4
otu_1637	6	1	7	5	1	3
otu_1638	6	6	9	4	9	2
otu_1639	10	3	10	7	5	9
otu_1640	5	1	10	4	5	4
otu_1641	4	1	6	7	5	4
otu_1642	3	6	1	6	9	10
otu_1643	7	3	9	2	3	4
otu_1644	6	10	2	5	6	7
otu_1645	2	9	5	3	10	5
otu_1646	9	2	5	9	5	3
otu_1647	7	7	5	6	6	1
otu_1648	8	2	5	7	3	10
otu_1649	8	10	8	2	7	5
otu_1650	6	10	7	10	3	7
otu_1651	5	8	5	8	4	6
otu_1652	9	2	4	10	9	2
otu_1653	9	5	1	2	6	1
otu_1654	5	5	5	9	10	6
otu_1655	10	9	8	10	6	1
otu_1656	1	3	4	2	2	9
otu_1657	10	10	6	6	1	8
otu_1658	2	5	10	2	7	10
otu_1659	3	1	3	8	9	8
otu_1660	7	5	2	3	7	2
otu_1661	6	10	7	3	10	1
otu_1662	6	5	4	2	8	3
otu_1663	2	5	10	9	3	5
otu_1664	1	8	1	10	7	4
otu_1665	3	2	6	1	8	6
otu_1666	9	10	6	9	7	6
otu_1667	2	6	4	3	9	5
otu_1668	10	8	10	8	1	3
otu_1669	8	7	3	8	1	6
otu_1670	8	9	1	8	9	9
otu_1671	9	5	7	4	2	8
otu_1672	4	8	10	2	4	9
otu_1673	4	10	6	2	4	10
otu_1674	1	1	4	9	3	8
otu_1675	2	2	4	8	9	4
otu_1676	7	10	5	10	2	10
otu_1677	8	1	3	1	3	10
otu_1678	9	3	3	7	4	4
otu_1679	5	3	8	3	2	4
otu_1680	5	3	4	1	5	8
otu_1681	6	10	9	10	3	4
otu_1682	10	6	1	9	7	6
otu_1683	1	2	4	8	9	5
otu_1684	10	10	10	1	5	2
otu_1685	5	8	2	2	9	10
otu_1686	6	9	3	2	8	2
otu_1687	5	2	10	7	4	2
otu_1688	1	3	6	3	7	4
otu_1689	10	7	7	2	8	10
otu_1690	5	8	4	7	5	9
otu_1691	8	5	7	8	2	5
otu_1692	8	5	3	4	4	3
otu_1693	1	9	7	3	1	3
otu_1694	7	8	10	5	2	6
otu_1695	3	4	2	7	4	10
otu_1696	10	6	1	3	4	5
otu_1697	4	7	3	9	3	5
otu_1698	7	8	9	2	1	9
otu_1699	7	10	3	9	7	4
otu_1700	7	3	3	5	10	7
otu_1701	6	6	9	10	1	1
otu_1702	9	9	10	2	1	3
otu_1703	4	3	4	6	6	4
otu_1704	9	2	8	4	9	7
otu_1705	3	6	4	9	8	3
otu_1706	3	1	1	9	8	6
otu_1707	8	2	3	7	3	7
otu_1708	9	1	7	6	1	5
otu_1709	1	3	7	7	2	8
otu_1710	4	7	6	8	6	6
otu_1711	10	2	1	6	2	7
otu_1712	1	2	7	6	7	8
otu_1713	10	2	3	6	5	9
otu_1714	5	8	8	3	9	6
otu_1715	9	9	6	8	4	6
otu_1716	5	9	2	4	9	7
otu_1717	8	5	9	5	2	5
otu_1718	4	6	1	3	8	1
otu_1719	2	4	5	9	2	5
otu_1720	1	3	10	7	5	9
otu_1721	3	10	5	6	7	10
otu_1722	7	3	10	10	2	3
otu_1723	8	8	5	8	2	2
otu_1724	5	3	2	8	3	10
otu_1725	2	7	6	6	8	5
otu_1726	9	9	10	1	8	6
otu_1727	10	3	6	4	5	8
otu_1728	5	4	10	1	4	6
otu_1729	6	3	4	5	5	8
otu_1730	10	7	8	10	9	6
otu_1731	6	7	3	10	6	1
otu_1732	7	7	4	10	7	5
otu_1733	4	7	1	7	9	7
otu_1734	6	6	7	4	5	6
otu_1735	6	8	5	7	6	3
otu_1736	9	5	5	5	6	10
otu_1737	3	4	6	9	7	6
otu_1738	5	4	7	9	10	6
otu_1739	10	9	8	8	8	4
otu_1740	5	2	2	10	3	2
otu_1741	9	2	10	10	10	8
otu_1742	6	7	7	5	5	7
otu_1743	1	3	1	6	9	4
otu_1744	3	1	10	3	9	1
otu_1745	8	9	4	1	9	5
otu_1746	2	4	7	6	3	8
otu_1747	3	9	8	1	6	2
otu_1748	10	1	6	10	6	2
otu_1749	1	2	3	1	9	3
otu_1750	7	1	7	5	9	5
otu_1751	3	9	2	10	1	8
otu_1752	5	3	7	4	7	10
otu_1753	8	3	10	6	3	3
otu_1754	9	7	9	2	3	7
otu_1755	1	8	10	3	10	5
otu_1756	1	4	10	7	6	6
otu_1757	1	2	10	5	8	10
otu_1758	5	6	3	10	5	8
otu_1759	8	1	1	7	4	1
otu_1760	5	6	3	3	9	9
otu_1761	4	3	9	10	5	8
otu_1762	4	3	8	7	9	3
otu_1763	5	9	10	3	10	3
otu_1764	8	5	9	10	4	9
otu_1765	9	4	7	7	1	10
otu_1766	2	3	10	2	3	1
otu_1767	8	5	1	2	2	10
otu_1768	3	3	1	1	9	4
otu_1769	3	7	1	1	5	1
otu_1770	5	3	7	10	1	1
otu_1771	8	3	4	10	8	1
otu_1772	5	1	9	3	7	4
otu_1773	7	4	7	4	10	1
otu_1774	10	6	2	7	2	1
otu_1775	9	5	1	2	7	7
otu_1776	8	10	5	3	7	9
otu_1777	10	7	6	1	8	6
otu_1778	6	2	8	10	7	10
otu_1779	6	8	1	6	3	5
otu_1780	4	10	5	7	4	4
otu_1781	9	1	8	3	8	8
otu_1782	9	10	7	9	8	3
otu_1783	5	5	10	8	8	2
otu_1784	1	9	5	1	1	7
otu_1785	9	2	8	8	1	3
otu_1786	10	9	2	8	3	3
otu_1787	8	8	5	10	7	2
otu_1788	5	10	1	7	5	8
otu_1789	9	10	6	3	3	5
otu_1790	7	4	4	5	6	9
otu_1791	10	6	3	4	9	6
otu_1792	9	7	7	3	9	10
otu_1793	5	8	8	7	3	6
otu_1794	10	9	5	4	6	3
otu_1795	8	9	8	9	2	8
otu_1796	7	7	1	7	8	6
otu_1797	3	2	5	5	10	3
otu_1798	9	6	8	10	6	8
otu_1799	9	1	7	3	8	6
otu_1800	5	5	5	3	3	3
otu_1801	2	8	7	1	8	3
otu_1802	4	8	8	10	5	7
otu_1803	4	4	10	1	1	5
otu_1804	8	1	3	8	10	7
otu_1805	8	9	8	5	5	7
otu_1806	1	1	2	7	2	9
otu_1807	5	2	4	1	6	8
otu_1808	2	2	7	9	10	8
otu_1809	9	4	8	9	2	5
otu_1810	1	10	4	3	4	3
otu_1811	10	1	1	4	10	7
otu_1812	1	5	3	7	9	3
otu_1813	5	8	9	1	3	10
otu_1814	7	8	5	2	4	1
otu_1815	6	2	3	5	7	9
otu_1816	1	7	7	6	1	10
otu_1817	6	7	5	10	5	7
otu_1818	4	1	7	2	3	8
otu_1819	10	1	5	5	1	1
otu_1820	7	4	8	10	2	6
otu_1821	2	1	3	1	5	5
otu_1822	7	5	4	6	7	10
otu_1823	2	2	5	2	5	9
otu_1824	9	3	8	7	10	4
otu_1825	1	4	7	1	8	3
otu_1826	8	1	5	8	6	4
otu_1827	2	1	6	1	8	8
otu_1828	8	4	8	5	8	9
otu_1829	8	6	4	9	5	8
otu_1830	7	4	4	7	8	8
otu_1831	4	6	4	7	6	10
otu_1832	2	9	10	5	8	10
otu_1833	8	4	9	2	7	8
otu_1834	9	4	10	2	6	7
otu_1835	6	6	1	3	10	7
otu_1836	10	10	10	1	3	2
otu_1837	5	2	9	10	10	9
otu_1838	8	8	10	8	6	1
otu_1839	4	1	4	5	1	10
otu_1840	9	10	8	2	1	5
otu_1841	3	8	7	8	9	5
otu_1842	2	5	2	5	4	9
otu_1843	3	4	2	7	5	6
otu_1844	1	8	7	9	8	8
otu_1845	8	10	8	7	6	5
otu_1846	10	2	10	10	7	9
otu_1847	3	6	6	1	9	4
otu_1848	6	2	8	6	5	4
otu_1849	8	10	1	5	3	4
otu_1850	1	1	7	9	1	6
otu_1851	4	8	3	6	4	2
otu_1852	3	4	2	7	6	7
otu_1853	2	3	6	8	9	8
otu_1854	3	7	9	1	10	5
otu_1855	7	2	10	6	4	9
otu_1856	5	1	9	1	1	10
otu_1857	3	8	8	1	6	9
otu_1858	6	1	7	9	2	3
otu_1859	4	5	5	8	7	6
otu_1860	7	7	7	5	2	1
otu_1861	5	2	4	8	9	10
otu_1862	10	6	4	8	7	2
otu_1863	4	8	7	3	5	10
otu_1864	9	10	3	8	5	8
otu_1865	10	3	2	2	3	2
otu_1866	2	5	9	9	2	6
otu_1867	2	9	10	4	1	4
otu_1868	2	8	7	10	1	8
otu_1869	5	5	3	5	1	8
otu_1870	5	6	8	10	9	10
otu_1871	5	7	8	8	1	4
otu_1872	4	1	6	7	10	1
otu_1873	10	1	7	10	2	5
otu_1874	7	10	8	9	2	3
otu_1875	3	9	2	7	4	8
otu_1876	8	8	1	9	1	1
otu_1877	2	10	4	5	6	3
otu_1878	10	3	7	3	9	3
otu_1879	5	2	4	8	7	2
otu_1880	4	3	10	9	10	9
otu_1881	6	7	7	10	4	10
otu_1882	7	6	4	2	7	6
otu_1883	5	2	3	7	4	10
otu_1884	2	7	2	10	2	6
otu_1885	9	1	6	3	5	6
otu_1886	1	10	2	7	6	8
otu_1887	7	8	5	7	7	4
otu_1888	8	6	5	6	10	10
otu_1889	3	10	4	5	9	10
otu_1890	1	6	7	4	6	7
otu_1891	1	2	3	9	9	1
otu_1892	5	10	4	9	1	9
otu_1893	1	3	10	3	8	10
otu_1894	8	2	9	5	9	4
otu_1895	3	3	3	10	4	2
otu_1896	4	7	2	4	5	3
otu_1897	8	6	5	8	9	9
otu_1898	10	5	8	8	9	3
otu_1899	3	1	5	7	5	7
otu_1900	7	9	9	3	8	6
otu_1901	5	4	5	10	8	7
otu_1902	1	5	7	1	8	1
otu_1903	5	2	4	2	8	8
otu_1904	2	2	6	9	1	8
otu_1905	9	2	5	9	4	10
otu_1906	7	1	8	5	6	4
otu_1907	4	7	4	3	10	10
otu_1908	4	9	7	5	6	1
otu_1909	3	7	8	1	8	6
otu_1910	10	1	3	10	7	9
otu_1911	4	7	6	6	5	2
otu_1912	1	9	4	3	2	4
otu_1913	4	3	3	5	1	9
otu_1914	3	1	1	1	1	6
otu_1915	7	1	10	1	2	5
otu_1916	10	2	8	1	5	1
otu_1917	7	2	9	9	9	10
otu_1918	7	3	3	10	10	2
otu_1919	5	6	2	2	3	2
otu_1920	10	5	10	2	6	8
otu_1921	6	7	4	8	6	2
otu_1922	5	7	10	1	1	8
otu_1923	5	5	8	4	2	3
otu_1924	10	2	1	8	6	7
otu_1925	9	5	8	3	7	5
otu_1926	1	8	1	3	4	6
otu_1927	5	5	2	9	10	7
otu_1928	4	9	1	2	9	3
otu_1929	7	10	3	7	2	2
otu_1930	1	4	6	9	6	4
otu_1931	9	9	9	2	4	5
otu_1932	6	10	10	5	3	9
otu_1933	7	9	2	1	8	4
otu_1934	10	2	3	5	10	5
otu_1935	7	6	8	4	5	8
otu_1936	7	3	1	6	1	3
otu_1937	9	6	7	6	4	2
otu_1938	4	1	9	3	3	9
otu_1939	10	7	1	3	6	8
otu_1940	3	3	10	5	5	4
otu_1941	9	1	3	3	10	6
otu_1942	7	2	10	3	2	10
otu_1943	1	1	1	4	4	1
otu_1944	4	4	10	2	6	8
otu_1945	9	10	4	6	1	9
otu_1946	1	2	6	1	6	6
otu_1947	5	8	9	1	2	8
otu_1948	1	4	8	7	7	5
otu_1949	7	5	4	6	8	3
otu_1950	5	6	7	8	7	5
otu_1951	1	5	1	1	10	1
otu_1952	8	4	10	1	6	7
otu_1953	1	5	5	10	2	3
otu_1954	4	7	10	8	7	3
otu_1955	7	7	1	2	5	4
otu_1956	3	10	1	5	6	8
otu_1957	7	10	8	10	8	9
otu_1958	5	10	3	9	9	3
otu_1959	6	2	3	5	2	5
otu_1960	6	2	8	6	1	9
otu_1961	3	10	2	5	8	4
otu_1962	7	2	1	9	1	7
otu_1963	10	5	1	4	6	5
otu_1964	3	1	7	5	10	8
otu_1965	5	6	3	4	3	6
otu_1966	4	6	4	2	3	5
otu_1967	3	10	10	9	4	2
otu_1968	4	8	4	6	1	10
otu_1969	10	7	7	9	1	7
otu_1970	8	2	6	9	7	3
otu_1971	4	5	10	9	10	8
otu_1972	1	1	4	7	3	10
otu_1973	10	1	7	2	3	3
otu_1974	9	2	3	3	8	10
otu_1975	9	3	6	7	1	6
otu_1976	5	6	2	5	9	1
otu_1977	5	2	8	10	5	4
otu_1978	7	10	3	8	2	3
otu_1979	5	10	8	5	1	6
otu_1980	8	9	4	8	7	8
otu_1981	6	1	3	6	8	5
otu_1982	1	7	10	3	2	3
otu_1983	6	1	3	8	1	1
otu_1984	2	1	8	9	8	5
otu_1985	4	8	4	9	2	4
otu_1986	6	7	8	5	3	10
otu_1987	5	8	7	1	2	4
otu_1988	3	4	7	1	1	10
otu_1989	1	3	5	3	9	4
otu_1990	10	3	10	9	8	2
otu_1991	4	7	4	2	9	10
otu_1992	10	8	4	8	6	4
otu_1993	4	10	3	7	6	3
otu_1994	10	7	2	10	1	9
otu_1995	8	7	1	10	4	6
otu_1996	6	9	1	3	10	10
otu_1997	8	8	9	9	4	8
otu_1998	10	2	5	9	8	9
otu_1999	6	5	3	4	10	1
otu_2000	4	6	1	1	1	5
